9.999999999999999395e-12 2.930005454929830080e+02
1.009999999999998580e-09 2.930561271978875197e+02
2.009999999999998229e-09 2.931081121743202971e+02
3.010000000000015455e-09 2.931566880538572377e+02
4.010000000000020687e-09 2.932023057940554622e+02
5.009999999999996555e-09 2.932455668612451518e+02
6.009999999999972422e-09 2.932869988766255460e+02
7.009999999999948289e-09 2.933269750099692033e+02
8.009999999999924156e-09 2.933657326671272472e+02
9.009999999999900024e-09 2.934034147340875052e+02
1.000999999999987589e-08 2.934401048994916437e+02
1.100999999999985176e-08 2.934758520851885919e+02
1.200999999999982763e-08 2.935106858840944142e+02
1.300999999999980349e-08 2.935446258433819366e+02
1.400999999999977936e-08 2.935776868486037756e+02
1.500999999999977177e-08 2.936098821323822108e+02
1.600999999999991307e-08 2.936412248700565328e+02
1.701000000000005438e-08 2.936717289508921453e+02
1.801000000000019568e-08 2.937014092787616164e+02
1.901000000000033698e-08 2.937302818128791273e+02
2.001000000000047829e-08 2.937583634727530466e+02
2.101000000000061959e-08 2.937856719797243841e+02
2.201000000000076089e-08 2.938122256764994518e+02
2.301000000000090220e-08 2.938380433476214648e+02
2.401000000000104350e-08 2.938631440528707230e+02
2.501000000000118480e-08 2.938875469791355499e+02
2.601000000000132611e-08 2.939112713125770711e+02
2.701000000000146741e-08 2.939343361308232261e+02
2.801000000000160871e-08 2.939567603138316940e+02
2.901000000000175002e-08 2.939785624715477184e+02
3.001000000000182184e-08 2.939997608863152436e+02
3.101000000000163227e-08 2.940203734680243315e+02
3.201000000000144270e-08 2.940404177201096445e+02
3.301000000000125313e-08 2.940599107146944107e+02
3.401000000000106356e-08 2.940788690753684023e+02
3.501000000000087399e-08 2.940973089662873008e+02
3.601000000000068442e-08 2.941152460864620934e+02
3.701000000000049486e-08 2.941326956682737546e+02
3.801000000000030529e-08 2.941496724793980206e+02
3.901000000000011572e-08 2.941661908274518851e+02
4.000999999999992615e-08 2.941822645667905363e+02
4.100999999999973658e-08 2.941979071069723659e+02
4.200999999999954701e-08 2.942131314224982930e+02
4.300999999999935744e-08 2.942279500634967349e+02
4.400999999999916787e-08 2.942423751670852425e+02
4.500999999999897830e-08 2.942564184691883611e+02
4.600999999999878874e-08 2.942700913166333407e+02
4.700999999999859917e-08 2.942834046793769289e+02
4.800999999999840960e-08 2.942963691627496132e+02
4.900999999999822003e-08 2.943089950196206814e+02
5.000999999999803046e-08 2.943212921624150340e+02
5.100999999999784089e-08 2.943332701749203011e+02
5.200999999999765132e-08 2.943449383238443602e+02
5.300999999999746175e-08 2.943563055700875566e+02
5.400999999999727219e-08 2.943673805797071168e+02
5.500999999999708262e-08 2.943781717345570428e+02
5.600999999999689305e-08 2.943886871425928575e+02
5.700999999999670348e-08 2.943989346478349489e+02
5.800999999999651391e-08 2.944089218399889774e+02
5.900999999999632434e-08 2.944186560637251660e+02
6.000999999999614139e-08 2.944281444276182356e+02
6.100999999999595182e-08 2.944373938127556016e+02
6.200999999999576225e-08 2.944464108810189487e+02
6.300999999999557268e-08 2.944552020830490164e+02
6.400999999999538311e-08 2.944637736659003053e+02
6.500999999999519354e-08 2.944721316803976947e+02
6.600999999999500398e-08 2.944802819882026483e+02
6.700999999999481441e-08 2.944882302686002049e+02
6.800999999999462484e-08 2.944959820250160192e+02
6.900999999999443527e-08 2.945035425912750497e+02
7.000999999999424570e-08 2.945109171376103063e+02
7.100999999999405613e-08 2.945181106764320589e+02
7.200999999999386656e-08 2.945251280678675130e+02
7.300999999999367699e-08 2.945319740250807854e+02
7.400999999999348743e-08 2.945386531193800579e+02
7.500999999999329786e-08 2.945451697851239601e+02
7.600999999999310829e-08 2.945515283244334341e+02
7.700999999999291872e-08 2.945577329117180625e+02
7.800999999999272915e-08 2.945637875980251010e+02
7.900999999999253958e-08 2.945696963152179819e+02
8.000999999999235001e-08 2.945754628799928696e+02
8.100999999999216044e-08 2.945810909977387269e+02
8.200999999999197087e-08 2.945865842662494174e+02
8.300999999999178131e-08 2.945919461792920515e+02
8.400999999999159174e-08 2.945971801300401580e+02
8.500999999999140217e-08 2.946022894143758890e+02
8.600999999999121260e-08 2.946072772340664301e+02
8.700999999999102303e-08 2.946121466998222331e+02
8.800999999999083346e-08 2.946169008342403117e+02
8.900999999999064389e-08 2.946215425746369760e+02
9.000999999999045432e-08 2.946260747757772265e+02
9.100999999999026475e-08 2.946305002125024544e+02
9.200999999999007519e-08 2.946348215822621341e+02
9.300999999998988562e-08 2.946390415075535429e+02
9.400999999998969605e-08 2.946431625382726338e+02
9.500999999998950648e-08 2.946471871539806671e+02
9.600999999998931691e-08 2.946511177660892713e+02
9.700999999998912734e-08 2.946549567199675721e+02
9.800999999998893777e-08 2.946587062969748558e+02
9.900999999998874820e-08 2.946623687164213266e+02
1.000099999999885586e-07 2.946659461374603097e+02
1.010099999999883691e-07 2.946694406609144608e+02
1.020099999999881795e-07 2.946728543310382520e+02
1.030099999999879899e-07 2.946761891372199216e+02
1.040099999999878004e-07 2.946794470156254420e+02
1.050099999999876108e-07 2.946826298507851902e+02
1.060099999999874212e-07 2.946857394771283793e+02
1.070099999999872317e-07 2.946887776804635450e+02
1.080099999999870421e-07 2.946917461994117957e+02
1.090099999999868525e-07 2.946946467267894718e+02
1.100099999999866629e-07 2.946974809109471494e+02
1.110099999999864734e-07 2.947002503570626573e+02
1.120099999999862838e-07 2.947029566283925988e+02
1.130099999999860942e-07 2.947056012474819227e+02
1.140099999999859047e-07 2.947081856973347840e+02
1.150099999999857151e-07 2.947107114225473765e+02
1.160099999999855255e-07 2.947131798304034760e+02
1.170099999999853360e-07 2.947155922919354225e+02
1.180099999999851464e-07 2.947179501429509401e+02
1.190099999999849568e-07 2.947202546850277827e+02
1.200099999999858393e-07 2.947225071864754682e+02
1.210099999999869732e-07 2.947247088832682493e+02
1.220099999999881071e-07 2.947268609799476735e+02
1.230099999999892410e-07 2.947289646504979146e+02
1.240099999999903750e-07 2.947310210391923420e+02
1.250099999999915089e-07 2.947330312614157606e+02
1.260099999999926428e-07 2.947349964044599346e+02
1.270099999999937767e-07 2.947369175282945548e+02
1.280099999999949106e-07 2.947387956663159230e+02
1.290099999999960446e-07 2.947406318260717057e+02
1.300099999999971785e-07 2.947424269899636329e+02
1.310099999999983124e-07 2.947441821159296182e+02
1.320099999999994463e-07 2.947458981381051899e+02
1.330100000000005802e-07 2.947475759674647406e+02
1.340100000000017142e-07 2.947492164924440772e+02
1.350100000000028481e-07 2.947508205795439267e+02
1.360100000000039820e-07 2.947523890739159924e+02
1.370100000000051159e-07 2.947539227999318996e+02
1.380100000000062498e-07 2.947554225617345764e+02
1.390100000000073838e-07 2.947568891437744014e+02
1.400100000000085177e-07 2.947583233113291499e+02
1.410100000000096516e-07 2.947597258110093890e+02
1.420100000000107855e-07 2.947610973712479563e+02
1.430100000000119194e-07 2.947624387027773309e+02
1.440100000000130534e-07 2.947637504990910884e+02
1.450100000000141873e-07 2.947650334368940435e+02
1.460100000000153212e-07 2.947662881765381258e+02
1.470100000000164551e-07 2.947675153624463746e+02
1.480100000000175890e-07 2.947687156235253951e+02
1.490100000000187230e-07 2.947698895735653082e+02
1.500100000000198569e-07 2.947710378116287302e+02
1.510100000000209908e-07 2.947721609224293502e+02
1.520100000000221247e-07 2.947732594766987972e+02
1.530100000000232586e-07 2.947743340315447540e+02
1.540100000000243926e-07 2.947753851307973036e+02
1.550100000000255265e-07 2.947764133053474893e+02
1.560100000000266604e-07 2.947774190734753574e+02
1.570100000000277943e-07 2.947784029411691336e+02
1.580100000000289282e-07 2.947793654024358148e+02
1.590100000000300622e-07 2.947803069396034061e+02
1.600100000000311961e-07 2.947812280236146876e+02
1.610100000000323300e-07 2.947821291143124540e+02
1.620100000000334639e-07 2.947830106607183325e+02
1.630100000000345978e-07 2.947838731013027314e+02
1.640100000000357318e-07 2.947847168642480256e+02
1.650100000000368657e-07 2.947855423677049771e+02
1.660100000000379996e-07 2.947863500200414819e+02
1.670100000000391335e-07 2.947871402200856323e+02
1.680100000000402674e-07 2.947879133573612194e+02
1.690100000000414014e-07 2.947886698123180054e+02
1.700100000000425353e-07 2.947894099565549482e+02
1.710100000000436692e-07 2.947901341530382524e+02
1.720100000000448031e-07 2.947908427563131681e+02
1.730100000000459370e-07 2.947915361127102187e+02
1.740100000000470710e-07 2.947922145605467108e+02
1.750100000000482049e-07 2.947928784303216503e+02
1.760100000000493388e-07 2.947935280449071342e+02
1.770100000000504727e-07 2.947941637197332057e+02
1.780100000000516066e-07 2.947947857629687292e+02
1.790100000000527406e-07 2.947953944756980604e+02
1.800100000000538745e-07 2.947959901520916901e+02
1.810100000000550084e-07 2.947965730795740456e+02
1.820100000000561423e-07 2.947971435389853809e+02
1.830100000000572762e-07 2.947977018047411093e+02
1.840100000000584102e-07 2.947982481449861325e+02
1.850100000000595441e-07 2.947987828217446804e+02
1.860100000000606780e-07 2.947993060910679901e+02
1.870100000000618119e-07 2.947998182031762440e+02
1.880100000000629459e-07 2.948003194025989728e+02
1.890100000000640798e-07 2.948008099283094907e+02
1.900100000000652137e-07 2.948012900138584200e+02
1.910100000000663476e-07 2.948017598875017597e+02
1.920100000000674815e-07 2.948022197723269073e+02
1.930100000000686155e-07 2.948026698863753268e+02
1.940100000000697494e-07 2.948031104427616924e+02
1.950100000000708833e-07 2.948035416497906454e+02
1.960100000000720172e-07 2.948039637110701960e+02
1.970100000000731511e-07 2.948043768256222847e+02
1.980100000000742851e-07 2.948047811879907840e+02
1.990100000000754190e-07 2.948051769883468296e+02
2.000100000000765529e-07 2.948055644125915933e+02
2.010100000000776868e-07 2.948059436424557020e+02
2.020100000000788207e-07 2.948063148555976909e+02
2.030100000000799547e-07 2.948066782256985334e+02
2.040100000000810886e-07 2.948070339225548651e+02
2.050100000000822225e-07 2.948073821121695346e+02
2.060100000000833564e-07 2.948077229568394273e+02
2.070100000000844903e-07 2.948080566152423216e+02
2.080100000000856243e-07 2.948083832425203354e+02
2.090100000000867582e-07 2.948087029903623488e+02
2.100100000000878921e-07 2.948090160070838692e+02
2.110100000000890260e-07 2.948093224377047932e+02
2.120100000000901599e-07 2.948096224240258607e+02
2.130100000000912939e-07 2.948099161047030066e+02
2.140100000000924278e-07 2.948102036153193239e+02
2.150100000000935617e-07 2.948104850884567441e+02
2.160100000000946956e-07 2.948107606537636798e+02
2.170100000000958295e-07 2.948110304380239768e+02
2.180100000000969635e-07 2.948112945652210328e+02
2.190100000000980974e-07 2.948115531566034520e+02
2.200100000000992313e-07 2.948118063307464922e+02
2.210100000001003652e-07 2.948120542036137977e+02
2.220100000001014991e-07 2.948122968886169133e+02
2.230100000001026331e-07 2.948125344966732655e+02
2.240100000001037670e-07 2.948127671362632896e+02
2.250100000001049009e-07 2.948129949134856815e+02
2.260100000001060348e-07 2.948132179321119111e+02
2.270100000001071687e-07 2.948134362936384036e+02
2.280100000001083027e-07 2.948136500973387797e+02
2.290100000001094366e-07 2.948138594403141042e+02
2.300100000001105705e-07 2.948140644175417719e+02
2.310100000001117044e-07 2.948142651219237678e+02
2.320100000001128383e-07 2.948144616443337895e+02
2.330100000001139723e-07 2.948146540736622683e+02
2.340100000001151062e-07 2.948148424968621839e+02
2.350100000001162401e-07 2.948150269989916410e+02
2.360100000001173740e-07 2.948152076632570697e+02
2.370100000001185079e-07 2.948153845710550058e+02
2.380100000001196419e-07 2.948155578020123357e+02
2.390100000001207758e-07 2.948157274340260301e+02
2.400100000001219097e-07 2.948158935433021952e+02
2.410100000001230436e-07 2.948160562043938171e+02
2.420100000001241775e-07 2.948162154902377097e+02
2.430100000001253115e-07 2.948163714721906103e+02
2.440100000001264454e-07 2.948165242200646503e+02
2.450100000001275793e-07 2.948166738021616311e+02
2.460100000001287132e-07 2.948168202853066759e+02
2.470100000001298471e-07 2.948169637348812557e+02
2.480100000001309811e-07 2.948171042148554193e+02
2.490100000001321150e-07 2.948172417878187730e+02
2.500100000001332489e-07 2.948173765150116878e+02
2.510100000001343828e-07 2.948175084563544601e+02
2.520100000001355167e-07 2.948176376704776089e+02
2.530100000001366507e-07 2.948177642147497863e+02
2.540100000001377846e-07 2.948178881453054601e+02
2.550100000001389185e-07 2.948180095170731647e+02
2.560100000001400524e-07 2.948181283838012519e+02
2.570100000001411863e-07 2.948182447980843222e+02
2.580100000001423203e-07 2.948183588113888618e+02
2.590100000001434542e-07 2.948184704740777420e+02
2.600100000001445881e-07 2.948185798354346048e+02
2.610100000001457220e-07 2.948186869436879647e+02
2.620100000001468559e-07 2.948187918460341734e+02
2.630100000001479899e-07 2.948188945886597594e+02
2.640100000001491238e-07 2.948189952167642787e+02
2.650100000001502577e-07 2.948190937745816314e+02
2.660100000001513916e-07 2.948191903054010936e+02
2.670100000001525255e-07 2.948192848515881792e+02
2.680100000001536595e-07 2.948193774546051600e+02
2.690100000001547934e-07 2.948194681550301084e+02
2.700100000001559273e-07 2.948195569925768496e+02
2.710100000001570612e-07 2.948196440061137764e+02
2.720100000001581951e-07 2.948197292336818691e+02
2.730100000001593291e-07 2.948198127125133965e+02
2.740100000001604630e-07 2.948198944790488554e+02
2.750100000001615969e-07 2.948199745689547626e+02
2.760100000001627308e-07 2.948200530171402534e+02
2.770100000001638647e-07 2.948201298577736225e+02
2.780100000001649987e-07 2.948202051242984112e+02
2.790100000001661326e-07 2.948202788494492097e+02
2.800100000001672665e-07 2.948203510652668342e+02
2.810100000001684004e-07 2.948204218031136747e+02
2.820100000001695343e-07 2.948204910936880765e+02
2.830100000001706683e-07 2.948205589670394033e+02
2.840100000001718022e-07 2.948206254525809982e+02
2.850100000001729361e-07 2.948206905791046779e+02
2.860100000001740700e-07 2.948207543747944896e+02
2.870100000001752039e-07 2.948208168672388751e+02
2.880100000001763379e-07 2.948208780834443132e+02
2.890100000001774718e-07 2.948209380498477117e+02
2.900100000001786057e-07 2.948209967923281170e+02
2.910100000001797396e-07 2.948210543362197882e+02
2.920100000001808735e-07 2.948211107063231680e+02
2.930100000001820075e-07 2.948211659269164784e+02
2.940100000001831414e-07 2.948212200217671466e+02
2.950100000001842753e-07 2.948212730141424913e+02
2.960100000001854092e-07 2.948213249268210348e+02
2.970100000001865431e-07 2.948213757821023933e+02
2.980100000001876771e-07 2.948214256018177366e+02
2.990100000001888110e-07 2.948214744073401903e+02
3.000100000001899449e-07 2.948215222195941010e+02
3.010100000001910788e-07 2.948215690590648705e+02
3.020100000001922127e-07 2.948216149458086761e+02
3.030100000001933467e-07 2.948216598994611104e+02
3.040100000001944806e-07 2.948217039392464471e+02
3.050100000001956145e-07 2.948217470839867360e+02
3.060100000001967484e-07 2.948217893521097039e+02
3.070100000001978823e-07 2.948218307616579068e+02
3.080100000001990163e-07 2.948218713302963465e+02
3.090100000002001502e-07 2.948219110753209407e+02
3.100100000002012841e-07 2.948219500136659121e+02
3.110100000002024180e-07 2.948219881619123726e+02
3.120100000002035519e-07 2.948220255362948592e+02
3.130100000002046859e-07 2.948220621527091225e+02
3.140100000002058198e-07 2.948220980267195728e+02
3.150100000002069537e-07 2.948221331735659874e+02
3.160100000002080876e-07 2.948221676081705027e+02
3.170100000002092215e-07 2.948222013451443217e+02
3.180100000002103555e-07 2.948222343987945919e+02
3.190100000002114894e-07 2.948222667831303738e+02
3.200100000002126233e-07 2.948222985118692350e+02
3.210100000002137572e-07 2.948223295984435595e+02
3.220100000002148911e-07 2.948223600560066302e+02
3.230100000002160251e-07 2.948223898974376880e+02
